4.561000000000000000e+03 2.144343311038509512e+02
2.137000000000000000e+03 2.365523870259866612e+02
4.214000000000000000e+03 2.356927043625163662e+02
6.910000000000000000e+02 3.549219175138739502e+02
2.127000000000000000e+03 2.365509834624545533e+02
3.650000000000000000e+03 2.144504720844711585e+02
1.108000000000000000e+03 2.365502816806885846e+02
1.449000000000000000e+03 1.890108830633878370e+02
1.315000000000000000e+03 1.890094794998556438e+02
2.400000000000000000e+03 2.853935908194008562e+02
1.860000000000000000e+02 2.365341407000685479e+02
2.364000000000000000e+03 2.365685280066076359e+02
7.950000000000000000e+02 2.365320353547701870e+02
3.116000000000000000e+03 2.144336293220848404e+02
3.773000000000000000e+03 2.144483667391728545e+02
4.271000000000000000e+03 1.669608999725632827e+02
3.211000000000000000e+03 2.443498842291114670e+02
2.822000000000000000e+03 2.144343311038510080e+02
1.109000000000000000e+03 1.890171990992828057e+02
1.127000000000000000e+03 1.890179008810488313e+02
3.617000000000000000e+03 2.144624023744949568e+02
1.515000000000000000e+03 2.578065495940555820e+02
2.432000000000000000e+03 2.577805836687102214e+02
2.920000000000000000e+03 2.626144564735992617e+02
3.802000000000000000e+03 1.669608999725632259e+02
8.230000000000000000e+02 1.890221115716454676e+02
3.781000000000000000e+03 1.669608999725632259e+02
3.346000000000000000e+03 1.669623035360953622e+02
1.743000000000000000e+03 2.365320353547701870e+02
2.824000000000000000e+03 1.669608999725632259e+02
3.100000000000000000e+01 2.654159692838649676e+02
1.820000000000000000e+02 2.365629137524784369e+02
5.890000000000000000e+02 2.703894966602080103e+02
2.502000000000000000e+03 1.669658124449259731e+02
9.750000000000000000e+02 1.890263222622421040e+02
2.505000000000000000e+03 2.144483667391728545e+02
3.540000000000000000e+02 2.365299300094719683e+02
5.360000000000000000e+02 2.365580012801157750e+02
4.868000000000000000e+03 1.669693213537567544e+02
2.166000000000000000e+03 1.890277258257741551e+02
1.360000000000000000e+03 2.365601066254140790e+02
4.884000000000000000e+03 1.669637070996275270e+02
5.270000000000000000e+02 1.890171990992827205e+02
4.948000000000000000e+03 2.443562002650064358e+02
5.920000000000000000e+02 1.890179008810488597e+02
1.005000000000000000e+03 1.890221115716454676e+02
2.250000000000000000e+03 2.365671244430750733e+02
4.669000000000000000e+03 2.443562002650064358e+02
3.615000000000000000e+03 2.443484806655793307e+02
6.870000000000000000e+02 3.424610804750233228e+02
9.120000000000000000e+02 2.504462624312106414e+02
2.973000000000000000e+03 2.144294186314882609e+02
3.840000000000000000e+03 2.144483667391728261e+02
1.373000000000000000e+03 2.365341407000685479e+02
3.480000000000000000e+03 2.144631041562609823e+02
3.160000000000000000e+02 1.889926367374695531e+02
4.000000000000000000e+02 1.890115848451539478e+02
9.770000000000000000e+02 2.365587030618818005e+02
4.681000000000000000e+03 1.890410596793302034e+02
2.419000000000000000e+03 2.111394657120158911e+02
4.689000000000000000e+03 1.669594964090310327e+02
4.773000000000000000e+03 2.827099773458385812e+02
8.220000000000000000e+02 2.365320353547701302e+02
4.980000000000000000e+02 1.890108830633882064e+02
1.398000000000000000e+03 2.365348424818346018e+02
2.288000000000000000e+03 1.890249186987097119e+02
2.300000000000000000e+01 1.669594964090310327e+02
3.237000000000000000e+03 2.144504720844711585e+02
9.950000000000000000e+02 2.365601066254140790e+02
2.414000000000000000e+03 2.365537905895195081e+02
7.690000000000000000e+02 2.365587030618818574e+02
2.516000000000000000e+03 2.514673549008852547e+02
4.360000000000000000e+02 1.890122866269203428e+02
8.940000000000000000e+02 2.671570898455569818e+02
4.278000000000000000e+03 2.144350328856170620e+02
2.487000000000000000e+03 2.936289998445700462e+02
4.490000000000000000e+03 2.443505860108776062e+02
3.183000000000000000e+03 1.669665142266918849e+02
2.441000000000000000e+03 2.111401674937820019e+02
3.553000000000000000e+03 2.279899476978148130e+02
1.571000000000000000e+03 1.890249186987097119e+02
1.030000000000000000e+02 1.890207080081131039e+02
4.675000000000000000e+03 1.669623035360953907e+02
9.650000000000000000e+02 2.500665984957509522e+02
5.830000000000000000e+02 1.890263222622419619e+02
1.848000000000000000e+03 2.495718423506512806e+02
7.890000000000000000e+02 2.365565977165835534e+02
1.830000000000000000e+03 2.365657208795426243e+02
5.250000000000000000e+02 1.890136901904525359e+02
2.870000000000000000e+03 2.623260241677318731e+02
6.450000000000000000e+02 2.897783232939852383e+02
3.883000000000000000e+03 2.144631041562610108e+02
3.169000000000000000e+03 2.144315239767865364e+02
3.360000000000000000e+02 2.365460709900919198e+02
3.780000000000000000e+03 2.494883303204869947e+02
2.480000000000000000e+02 1.890221115716455529e+02
1.945000000000000000e+03 2.365776511695662521e+02
2.880000000000000000e+02 2.365509834624547807e+02
4.124000000000000000e+03 3.137153975538501527e+02
1.344000000000000000e+03 2.365327371365362694e+02
2.139000000000000000e+03 2.577763729781136135e+02
4.694000000000000000e+03 1.669742338261194448e+02
3.555000000000000000e+03 2.144617005927287892e+02
3.531000000000000000e+03 2.629527152848588116e+02
3.884000000000000000e+03 1.669608999725631122e+02
2.360000000000000000e+02 1.890284276075402090e+02
2.526000000000000000e+03 2.144385417944475591e+02
2.565000000000000000e+03 2.365636155342449172e+02
1.470000000000000000e+03 2.703972162596352860e+02
1.361000000000000000e+03 1.890094794998556722e+02
2.498000000000000000e+03 2.144602970291966244e+02
4.045000000000000000e+03 2.494890321022530770e+02
1.471000000000000000e+03 1.890221115716452402e+02
7.320000000000000000e+02 2.365558959348174710e+02
4.057000000000000000e+03 1.669608999725632259e+02
1.042000000000000000e+03 2.365601066254140790e+02
4.300000000000000000e+02 2.689199656419968960e+02
1.832000000000000000e+03 1.890361472069671436e+02
2.897000000000000000e+03 1.669721284808206576e+02
3.491000000000000000e+03 2.144504720844712153e+02
4.721000000000000000e+03 1.669679177902242486e+02
1.699000000000000000e+03 2.365257193188753604e+02
3.029000000000000000e+03 1.669637070996276407e+02
4.479000000000000000e+03 1.669608999725632259e+02
4.190000000000000000e+03 1.890340418616692091e+02
1.568000000000000000e+03 2.365327371365362978e+02
2.076000000000000000e+03 2.365502816806883573e+02
2.930000000000000000e+02 1.890263222622419619e+02
2.809000000000000000e+03 2.443491824473454415e+02
1.355000000000000000e+03 2.365285264459396899e+02
1.840000000000000000e+02 2.878498270007453925e+02
4.476000000000000000e+03 2.443562002650064642e+02
1.984000000000000000e+03 2.365460709900918346e+02
3.554000000000000000e+03 2.583658696616366797e+02
4.882000000000000000e+03 2.144617005927287892e+02
1.533000000000000000e+03 2.849542754338223176e+02
3.720000000000000000e+02 2.365594048436480250e+02
2.436000000000000000e+03 2.586655304757609315e+02
1.899000000000000000e+03 2.365629137524780958e+02
4.671000000000000000e+03 1.669608999725632259e+02
2.078000000000000000e+03 1.890375507704993367e+02
2.863000000000000000e+03 2.144448578303423574e+02
5.020000000000000000e+02 1.890066723727915132e+02
2.924000000000000000e+03 3.329245680555064837e+02
1.062000000000000000e+03 2.843907446756442141e+02
4.477000000000000000e+03 3.153161617623225652e+02
2.619000000000000000e+03 2.443519895744097994e+02
3.652000000000000000e+03 1.669594964090309759e+02
2.617000000000000000e+03 2.704000233866999565e+02
1.345000000000000000e+03 1.890164973175166949e+02
3.663000000000000000e+03 1.669608999725632543e+02
8.180000000000000000e+02 2.365572994983496642e+02
6.980000000000000000e+02 2.671620023179192458e+02
1.144000000000000000e+03 1.890193044445811950e+02
1.300000000000000000e+03 2.886105584351972766e+02
1.480000000000000000e+03 2.757468986626053606e+02
1.521000000000000000e+03 3.051915562228127783e+02
1.576000000000000000e+03 1.890136901904521949e+02
3.881000000000000000e+03 1.669770409531838880e+02
2.556000000000000000e+03 1.890305329528387119e+02
4.351000000000000000e+03 1.669608999725632259e+02
2.841000000000000000e+03 2.629569259754552490e+02
4.853000000000000000e+03 2.144560863386000449e+02
2.005000000000000000e+03 2.365783529513323344e+02
1.475000000000000000e+03 2.689213692055290608e+02
3.898000000000000000e+03 2.144343311038510080e+02
2.009000000000000000e+03 1.890445685881604163e+02
4.769000000000000000e+03 3.019037086486416115e+02
4.500000000000000000e+03 2.443533931379419641e+02
2.513000000000000000e+03 2.144631041562609539e+02
2.866000000000000000e+03 2.537116529888693037e+02
1.440000000000000000e+02 2.365334389183024086e+02
2.158000000000000000e+03 2.111464835296765727e+02
4.797000000000000000e+03 2.514848994450380815e+02
7.090000000000000000e+02 1.890221115716454108e+02
3.121000000000000000e+03 1.669763391714177487e+02
2.469000000000000000e+03 2.111591156014666808e+02
0.000000000000000000e+00 2.443533931379419926e+02
4.005000000000000000e+03 1.669608999725632543e+02
1.904000000000000000e+03 2.839423061271065762e+02
2.977000000000000000e+03 1.669594964090310327e+02
6.900000000000000000e+01 1.890340418616690954e+02
1.505000000000000000e+03 1.890235151351774903e+02
1.595000000000000000e+03 2.365271228824075820e+02
3.668000000000000000e+03 2.468096293192878079e+02
6.480000000000000000e+02 1.890150937539845017e+02
2.176000000000000000e+03 2.671690201355805812e+02
4.794000000000000000e+03 2.690027758903965491e+02
4.781000000000000000e+03 2.144343311038510080e+02
1.594000000000000000e+03 1.890179008810488597e+02
4.266000000000000000e+03 2.468131382281183335e+02
3.019000000000000000e+03 2.144609988109627068e+02
4.260000000000000000e+02 2.365495798989224170e+02
4.147000000000000000e+03 2.144490685209389653e+02
4.126000000000000000e+03 2.280032815513706907e+02
1.563000000000000000e+03 1.890263222622419335e+02
3.620000000000000000e+02 3.133911743779128756e+02
1.085000000000000000e+03 2.848230422435622700e+02
7.200000000000000000e+01 1.890108830633882064e+02
4.876000000000000000e+03 2.494897338840191310e+02
7.470000000000000000e+02 2.365594048436479682e+02
2.489000000000000000e+03 1.669608999725632543e+02
3.514000000000000000e+03 1.669623035360953907e+02
2.800000000000000000e+02 2.898106052552258234e+02
2.728000000000000000e+03 1.669721284808211976e+02
1.801000000000000000e+03 2.365341407000684626e+02
2.509000000000000000e+03 2.144476649574067721e+02
3.073000000000000000e+03 1.669763391714177487e+02
1.484000000000000000e+03 1.890277258257740698e+02
2.860000000000000000e+03 2.144602970291966244e+02
2.406000000000000000e+03 1.890164973175168939e+02
2.760000000000000000e+03 2.144595952474304852e+02
2.934000000000000000e+03 2.443470771020470522e+02
4.362000000000000000e+03 2.443512877926436886e+02
7.300000000000000000e+01 2.365516852442212326e+02
1.081000000000000000e+03 2.877480686446613163e+02
2.982000000000000000e+03 1.669623035360954475e+02
3.629000000000000000e+03 2.144624023744949000e+02
1.827000000000000000e+03 3.639910432771700357e+02
3.512000000000000000e+03 2.494883303204869947e+02
3.616000000000000000e+03 1.669644088813936662e+02
1.603000000000000000e+03 2.671956878426919957e+02
9.000000000000000000e+01 1.890347436434351494e+02
2.868000000000000000e+03 2.144294186314883177e+02
1.470000000000000000e+02 1.890108830633878938e+02
4.283000000000000000e+03 2.443554984832402965e+02
1.136000000000000000e+03 1.890193044445811097e+02
4.725000000000000000e+03 1.669594964090309475e+02
2.836000000000000000e+03 1.669608999725632543e+02
7.970000000000000000e+02 1.890179008810488597e+02
4.326000000000000000e+03 1.669608999725632543e+02
3.821000000000000000e+03 2.144504720844711585e+02
3.454000000000000000e+03 2.144602970291966528e+02
2.864000000000000000e+03 2.659437091719715909e+02
1.590000000000000000e+02 2.365137890288519031e+02
3.171000000000000000e+03 1.669805498620143283e+02
2.177000000000000000e+03 1.890291293893063198e+02
2.400000000000000000e+01 2.144315239767865933e+02
4.284000000000000000e+03 1.669608999725632259e+02
1.420000000000000000e+03 1.890150937539844733e+02
3.399000000000000000e+03 2.443484806655793022e+02
3.351000000000000000e+03 2.144511738662372977e+02
7.600000000000000000e+01 2.365320353547701586e+02
3.317000000000000000e+03 1.669623035360954191e+02
1.525000000000000000e+03 3.248835525795460057e+02
4.104000000000000000e+03 2.144357346673831444e+02
1.321000000000000000e+03 2.365334389183024086e+02
2.820000000000000000e+02 3.113209181679208086e+02
3.783000000000000000e+03 1.669608999725632259e+02
3.509000000000000000e+03 2.144476649574067437e+02
4.595000000000000000e+03 1.669594964090310327e+02
8.130000000000000000e+02 2.365565977165835818e+02
3.498000000000000000e+03 1.669580928454988680e+02
3.877000000000000000e+03 2.651177120332739037e+02
3.993000000000000000e+03 2.144497703027050761e+02
1.670000000000000000e+03 1.890277258257741266e+02
3.168000000000000000e+03 1.669637070996274986e+02
1.054000000000000000e+03 2.839205508923578805e+02
1.086000000000000000e+03 2.365544923712852494e+02
2.635000000000000000e+03 2.144638059380271500e+02
2.500000000000000000e+03 2.144631041562609539e+02
1.670000000000000000e+02 1.890235151351775471e+02
4.002000000000000000e+03 2.443491824473454130e+02
2.238000000000000000e+03 2.365657208795427380e+02
1.306000000000000000e+03 2.671683183538144704e+02
2.230000000000000000e+02 1.890249186987097971e+02
1.133000000000000000e+03 2.671830557709023424e+02
3.669000000000000000e+03 2.144631041562610108e+02
3.880000000000000000e+03 2.144631041562610108e+02
2.975000000000000000e+03 1.669608999725632543e+02
3.970000000000000000e+03 1.669707249172889476e+02
8.140000000000000000e+02 1.890179008810489165e+02
1.526000000000000000e+03 2.839275687100188748e+02
4.259000000000000000e+03 2.144504720844712153e+02
1.751000000000000000e+03 2.365327371365362978e+02
4.978000000000000000e+03 2.538120077814211584e+02
1.160000000000000000e+03 2.365481763353904796e+02
3.015000000000000000e+03 1.669608999725631975e+02
5.410000000000000000e+02 2.365299300094718546e+02
1.869000000000000000e+03 1.890403578975636947e+02
3.633000000000000000e+03 1.669770409531838027e+02
3.671000000000000000e+03 2.564766731472979018e+02
2.038000000000000000e+03 1.890389543340315868e+02
1.269000000000000000e+03 2.671591951908549163e+02
3.360000000000000000e+03 2.501206356917405742e+02
4.253000000000000000e+03 1.669608999725632259e+02
1.790000000000000000e+02 2.365327371365362694e+02
2.988000000000000000e+03 1.669594964090310327e+02
4.157000000000000000e+03 1.669707249172889476e+02
6.630000000000000000e+02 1.890614113505468197e+02
4.072000000000000000e+03 2.144483667391728545e+02
4.578000000000000000e+03 2.144343311038510080e+02
4.264000000000000000e+03 2.144595952474304852e+02
1.500000000000000000e+02 2.738078756428746487e+02
2.470000000000000000e+02 2.365572994983496073e+02
3.400000000000000000e+01 1.669608999725632543e+02
3.810000000000000000e+02 2.365334389183024086e+02
3.328000000000000000e+03 2.494883303204869947e+02
3.610000000000000000e+02 1.890263222622419050e+02
2.919000000000000000e+03 2.144315239767865648e+02
3.589000000000000000e+03 1.669672160084581947e+02
1.926000000000000000e+03 2.365460709900918346e+02
1.750000000000000000e+03 1.890249186987097119e+02
5.100000000000000000e+01 2.501494087441506338e+02
2.125000000000000000e+03 2.365664226613086782e+02
3.488000000000000000e+03 1.669665142266920270e+02
1.216000000000000000e+03 2.365587030618819995e+02
7.400000000000000000e+01 1.890179008810487460e+02
1.375000000000000000e+03 1.890319365163707062e+02
2.370000000000000000e+03 2.671802486438382971e+02
3.917000000000000000e+03 2.144574899021322381e+02
3.486000000000000000e+03 2.144588934656644028e+02
6.970000000000000000e+02 3.122844645327751323e+02
3.127000000000000000e+03 2.144280150679560677e+02
5.490000000000000000e+02 2.365580012801157466e+02
1.416000000000000000e+03 2.671669147902822488e+02
3.344000000000000000e+03 2.144609988109627068e+02
4.164000000000000000e+03 2.144624023744949000e+02
3.832000000000000000e+03 2.655984325430516719e+02
7.070000000000000000e+02 1.890150937539845017e+02
2.651000000000000000e+03 2.633920306704371228e+02
4.897000000000000000e+03 2.144350328856170904e+02
1.190000000000000000e+03 2.365572994983496073e+02
1.247000000000000000e+03 2.365558959348174142e+02
4.657000000000000000e+03 2.144343311038509512e+02
1.652000000000000000e+03 1.890122866269200870e+02
3.212000000000000000e+03 1.669608999725632543e+02
4.260000000000000000e+03 1.669637070996276407e+02
3.415000000000000000e+03 2.144638059380270647e+02
2.951000000000000000e+03 2.144595952474304852e+02
3.787000000000000000e+03 2.443491824473454130e+02
3.757000000000000000e+03 1.669679177902245328e+02
2.029000000000000000e+03 2.365530888077528004e+02
2.365000000000000000e+03 1.890080759363237064e+02
1.863000000000000000e+03 2.756781240495275256e+02
2.567000000000000000e+03 1.890424632428624250e+02
3.294000000000000000e+03 2.443547967014742426e+02
3.331000000000000000e+03 1.669637070996276407e+02
4.929000000000000000e+03 2.443547967014742426e+02
1.080000000000000000e+02 2.365678262248410704e+02
3.824000000000000000e+03 2.144483667391728545e+02
3.452000000000000000e+03 2.514856012268041638e+02
4.556000000000000000e+03 1.669623035360954475e+02
2.512000000000000000e+03 2.628825371082488687e+02
6.090000000000000000e+02 2.703894966602080103e+02
3.229000000000000000e+03 2.144343311038510080e+02
2.727000000000000000e+03 2.443576038285386289e+02
1.986000000000000000e+03 1.890319365163705925e+02
3.300000000000000000e+01 2.144602970291966244e+02
2.950000000000000000e+03 2.627330575920698834e+02
3.922000000000000000e+03 2.514673549008852831e+02
2.430000000000000000e+02 2.854855242307596086e+02
2.020000000000000000e+02 2.365650190977766272e+02
3.945000000000000000e+03 2.365636155342449172e+02
3.572000000000000000e+03 1.669608999725632543e+02
2.373000000000000000e+03 2.365355442636009400e+02
4.222000000000000000e+03 2.501234428188050458e+02
2.929000000000000000e+03 2.144602970291966244e+02
4.323000000000000000e+03 2.144609988109626784e+02
4.418000000000000000e+03 2.443569020467725466e+02
4.113000000000000000e+03 3.071874235655990333e+02
2.935000000000000000e+03 1.669594964090310043e+02
1.756000000000000000e+03 2.504652105388952634e+02
4.564000000000000000e+03 1.669714266990550300e+02
3.721000000000000000e+03 1.669608999725632259e+02
3.799000000000000000e+03 2.144329275403187580e+02
3.429000000000000000e+03 1.669608999725632543e+02
4.785000000000000000e+03 1.669651106631598907e+02
4.466000000000000000e+03 1.669721284808206860e+02
1.972000000000000000e+03 1.890459721516925242e+02
4.902000000000000000e+03 1.669608999725632543e+02
4.820000000000000000e+02 2.365685280066076359e+02
6.860000000000000000e+02 2.704266910938112005e+02
2.801000000000000000e+03 2.144631041562610108e+02
4.349000000000000000e+03 2.144469631756406898e+02
4.840000000000000000e+03 1.669608999725632543e+02
4.161000000000000000e+03 2.144329275403187864e+02
7.800000000000000000e+01 1.890277258257740129e+02
3.368000000000000000e+03 1.890326382981370159e+02
3.785000000000000000e+03 1.669608999725632259e+02
2.124000000000000000e+03 1.890417614610959731e+02
4.315000000000000000e+03 2.874027920157424205e+02
1.056000000000000000e+03 2.365460709900920335e+02
4.421000000000000000e+03 2.144497703027050761e+02
4.859000000000000000e+03 2.144336293220848688e+02
2.497000000000000000e+03 2.651191155968061253e+02
3.492000000000000000e+03 2.659458145172699233e+02
2.236000000000000000e+03 2.365292282277058291e+02
3.604000000000000000e+03 2.144518756480033517e+02
4.717000000000000000e+03 2.144329275403187864e+02
1.130000000000000000e+03 1.890150937539843881e+02
4.074000000000000000e+03 1.669637070996275554e+02
4.076000000000000000e+03 2.144469631756406898e+02
2.900000000000000000e+01 2.144357346673831159e+02
4.230000000000000000e+03 1.669651106631598623e+02
4.966000000000000000e+03 2.144638059380270647e+02
2.150000000000000000e+03 3.168095533605796845e+02
4.707000000000000000e+03 1.669735320443532771e+02
3.058000000000000000e+03 1.669594964090310043e+02
4.514000000000000000e+03 2.443505860108776062e+02
1.604000000000000000e+03 1.890235151351775755e+02
4.054000000000000000e+03 2.565131657991349243e+02
2.297000000000000000e+03 2.671970914062241604e+02
2.740000000000000000e+02 2.365313335730040762e+02
2.164000000000000000e+03 2.671690201355805812e+02
4.127000000000000000e+03 2.760016454436999993e+02
2.817000000000000000e+03 2.144602970291966244e+02
1.434000000000000000e+03 1.890242169169436295e+02
4.532000000000000000e+03 1.669623035360954475e+02
3.249000000000000000e+03 2.144609988109627068e+02
3.666000000000000000e+03 2.144631041562610108e+02
3.300000000000000000e+02 1.890094794998556722e+02
4.690000000000000000e+03 2.144329275403187580e+02
1.362000000000000000e+03 2.365341407000685194e+02
4.901000000000000000e+03 2.144588934656644028e+02
4.975000000000000000e+03 2.144350328856171188e+02
6.930000000000000000e+02 2.671963896244580496e+02
6.100000000000000000e+02 1.890207080081132176e+02
1.538000000000000000e+03 1.890207080081131892e+02
1.058000000000000000e+03 2.689199656419967823e+02
3.532000000000000000e+03 2.903986983752168953e+02
3.459000000000000000e+03 2.144350328856170620e+02
1.565000000000000000e+03 1.890207080081132176e+02
1.481000000000000000e+03 2.365264211006414428e+02
1.731000000000000000e+03 1.890108830633879222e+02
9.730000000000000000e+02 2.365594048436479682e+02
1.333000000000000000e+03 1.890179008810488881e+02
1.270000000000000000e+02 1.890108830633879506e+02
4.112000000000000000e+03 2.628790281994183715e+02
9.930000000000000000e+02 2.365601066254140505e+02
1.451000000000000000e+03 2.365509834624547807e+02
1.357000000000000000e+03 1.890094794998556722e+02
3.835000000000000000e+03 2.144624023744949000e+02
1.650000000000000000e+02 2.365678262248410704e+02
2.013000000000000000e+03 1.890403578975637799e+02
2.455000000000000000e+03 2.716604234386116445e+02
1.363000000000000000e+03 1.890277258257740982e+02
3.811000000000000000e+03 2.537116529888693037e+02
9.640000000000000000e+02 2.806334050999512897e+02
4.077000000000000000e+03 1.669594964090310327e+02
3.964000000000000000e+03 1.669608999725632543e+02
1.802000000000000000e+03 1.890235151351774618e+02
3.525000000000000000e+03 2.144588934656644028e+02
2.669000000000000000e+03 2.144631041562610108e+02
3.130000000000000000e+03 2.144539809933017125e+02
4.177000000000000000e+03 2.144624023744949568e+02
6.880000000000000000e+02 3.864108653587283584e+02
5.220000000000000000e+02 1.890094794998559848e+02
3.150000000000000000e+03 2.144455596121084682e+02
7.080000000000000000e+02 2.365608084071801329e+02
4.832000000000000000e+03 1.669594964090310327e+02
2.890000000000000000e+02 2.111535013473374818e+02
2.026000000000000000e+03 3.131483578868426321e+02
4.237000000000000000e+03 1.669749356078854703e+02
4.724000000000000000e+03 2.144497703027050761e+02
5.940000000000000000e+02 2.365341407000684626e+02
3.072000000000000000e+03 2.144497703027050761e+02
7.000000000000000000e+01 2.356948097078146418e+02
4.317000000000000000e+03 1.669594964090309759e+02
4.236000000000000000e+03 2.494890321022531054e+02
1.010000000000000000e+03 1.890179008810489165e+02
8.510000000000000000e+02 1.890249186987099108e+02
3.536000000000000000e+03 2.538106042178889368e+02
5.760000000000000000e+02 1.890207080081133313e+02
4.006000000000000000e+03 2.144511738662372977e+02
4.471000000000000000e+03 2.443562002650064358e+02
4.285000000000000000e+03 2.144329275403187580e+02
1.051000000000000000e+03 2.365601066254140790e+02
2.394000000000000000e+03 2.365334389183026644e+02
3.167000000000000000e+03 2.144266115044238745e+02
2.138000000000000000e+03 2.757560218255644600e+02
1.701000000000000000e+03 1.890249186987096834e+02
2.861000000000000000e+03 1.669756373896515242e+02
2.141000000000000000e+03 2.111464835296766580e+02
2.963000000000000000e+03 1.669777427349499135e+02
3.744000000000000000e+03 1.669608999725632259e+02
1.947000000000000000e+03 1.890389543340315583e+02
2.130000000000000000e+03 2.689368084043829299e+02
1.736000000000000000e+03 3.084808073605188383e+02
9.940000000000000000e+02 2.876154318908696155e+02
2.252000000000000000e+03 1.890108830633878938e+02
2.183000000000000000e+03 1.890263222622418766e+02
2.237000000000000000e+03 1.890291293893063482e+02
3.325000000000000000e+03 1.669623035360954475e+02
4.357000000000000000e+03 2.144322257585526472e+02
2.620000000000000000e+02 2.738085774246407595e+02
4.799000000000000000e+03 2.144378400126814483e+02
3.918000000000000000e+03 1.669608999725631691e+02
4.862000000000000000e+03 1.669749356078854419e+02
2.693000000000000000e+03 1.669608999725632543e+02
4.233000000000000000e+03 2.144631041562609539e+02
2.418000000000000000e+03 2.365671244430754143e+02
1.578000000000000000e+03 2.365657208795428517e+02
1.669000000000000000e+03 2.420311972739206396e+02
4.048000000000000000e+03 2.144518756480034369e+02
1.939000000000000000e+03 1.890403578975636947e+02
2.763000000000000000e+03 1.669637070996274986e+02
2.161000000000000000e+03 2.577777765416458919e+02
2.312000000000000000e+03 2.365257193188753604e+02
5.000000000000000000e+02 2.704919567980588795e+02
4.722000000000000000e+03 2.144329275403188149e+02
1.004000000000000000e+03 2.365488781171565051e+02
4.776000000000000000e+03 2.144406471397459200e+02
3.401000000000000000e+03 1.669833569890787146e+02
3.321000000000000000e+03 1.669623035360954475e+02
4.680000000000000000e+03 2.144624023744949284e+02
1.092000000000000000e+03 1.890235151351777176e+02
3.231000000000000000e+03 1.669608999725632543e+02
3.057000000000000000e+03 2.144595952474305136e+02
4.310000000000000000e+03 2.443491824473454130e+02
3.318000000000000000e+03 2.144497703027050761e+02
4.787000000000000000e+03 1.669623035360954191e+02
1.532000000000000000e+03 3.192987732849323947e+02
2.198000000000000000e+03 1.890122866269200586e+02
4.624000000000000000e+03 1.669580928454988680e+02
3.830000000000000000e+02 1.890263222622419619e+02
4.492000000000000000e+03 1.669665142266919133e+02
1.102000000000000000e+03 2.365467727718581443e+02
1.876000000000000000e+03 2.704147608037873169e+02
3.140000000000000000e+03 1.669637070996275554e+02
3.188000000000000000e+03 2.144546827750678233e+02
2.976000000000000000e+03 2.144448578303423574e+02
4.930000000000000000e+03 1.669637070996274986e+02
5.110000000000000000e+02 1.890080759363237632e+02
2.492000000000000000e+03 2.144483667391728545e+02
1.400000000000000000e+03 1.890171990992826920e+02
4.686000000000000000e+03 1.669756373896516664e+02
2.149000000000000000e+03 2.586711447298895337e+02
2.802000000000000000e+03 1.669608999725632543e+02
2.332000000000000000e+03 1.890150937539846439e+02
4.129000000000000000e+03 1.669651106631597770e+02
4.772000000000000000e+03 3.282991244351503610e+02
2.153000000000000000e+03 2.577939175222658719e+02
4.280000000000000000e+02 2.689241763325933903e+02
2.781000000000000000e+03 1.669608999725632259e+02
3.807000000000000000e+03 2.144371382309153944e+02
1.575000000000000000e+03 2.365327371365362978e+02
1.785000000000000000e+03 2.365327371365362978e+02
1.328000000000000000e+03 1.890122866269200586e+02
3.816000000000000000e+03 1.669608999725632543e+02
4.547000000000000000e+03 2.443547967014741857e+02
2.093000000000000000e+03 1.890389543340315015e+02
4.448000000000000000e+03 2.144624023744949000e+02
1.272000000000000000e+03 2.111492906567409307e+02
8.550000000000000000e+02 1.890150937539844449e+02
2.420000000000000000e+02 2.365509834624547807e+02
2.776000000000000000e+03 2.144336293220848404e+02
2.667000000000000000e+03 2.144631041562610108e+02
3.556000000000000000e+03 1.669637070996276407e+02
2.961000000000000000e+03 2.144588934656643744e+02
3.367000000000000000e+03 2.365643173160110280e+02
8.270000000000000000e+02 2.365299300094718546e+02
3.455000000000000000e+03 1.669616017543292799e+02
4.043000000000000000e+03 2.443554984832403534e+02
2.910000000000000000e+02 2.672013020968208252e+02
4.422000000000000000e+03 1.669608999725632543e+02
1.017000000000000000e+03 1.890179008810488881e+02
4.677000000000000000e+03 1.669770409531838595e+02
6.500000000000000000e+01 2.356941079260485026e+02
2.035000000000000000e+03 2.365544923712850505e+02
3.324000000000000000e+03 2.144329275403187864e+02
4.179000000000000000e+03 1.669594964090310043e+02
4.478000000000000000e+03 2.443583056103046545e+02
1.100000000000000000e+02 1.890312347346046238e+02
1.853000000000000000e+03 1.890347436434350072e+02
2.374000000000000000e+03 1.890122866269202859e+02
1.396000000000000000e+03 2.365474745536243688e+02
8.520000000000000000e+02 2.365601066254140790e+02
2.437000000000000000e+03 2.111373603667176440e+02
4.658000000000000000e+03 1.669672160084584220e+02
1.829000000000000000e+03 1.890445685881603595e+02
4.156000000000000000e+03 2.144624023744949000e+02
1.868000000000000000e+03 2.420431275639439832e+02
4.106000000000000000e+03 1.669623035360954475e+02
1.027000000000000000e+03 2.671620023179193026e+02
2.415000000000000000e+03 1.890108830633880928e+02
4.311000000000000000e+03 3.002362751723911742e+02
4.555000000000000000e+03 2.144638059380270647e+02
5.600000000000000000e+02 2.365580012801157466e+02
4.386000000000000000e+03 2.443491824473454415e+02
2.848000000000000000e+03 2.144476649574067721e+02
3.914000000000000000e+03 2.443491824473454130e+02
4.688000000000000000e+03 2.144322257585527041e+02
2.517000000000000000e+03 2.144518756480034369e+02
4.355000000000000000e+03 1.669623035360953622e+02
2.117000000000000000e+03 2.847851460281926848e+02
1.014000000000000000e+03 2.671627040996854134e+02
2.410000000000000000e+03 1.890150937539847007e+02
4.967000000000000000e+03 1.669651106631598623e+02
4.309000000000000000e+03 1.669749356078854419e+02
3.728000000000000000e+03 2.144511738662372977e+02
3.836000000000000000e+03 1.669623035360954475e+02
4.304000000000000000e+03 2.144350328856170336e+02
1.295000000000000000e+03 2.111296407672904252e+02
3.427000000000000000e+03 2.144511738662373546e+02
2.083000000000000000e+03 2.962620850309718890e+02
2.486000000000000000e+03 3.002545214983098845e+02
4.808000000000000000e+03 2.443491824473454130e+02
8.200000000000000000e+02 1.890193044445810528e+02
4.954000000000000000e+03 1.669637070996276407e+02
3.202000000000000000e+03 1.669608999725632543e+02
4.646000000000000000e+03 2.443505860108775778e+02
7.700000000000000000e+02 1.890193044445811665e+02
1.517000000000000000e+03 2.111535013473376523e+02
9.820000000000000000e+02 1.890207080081132176e+02
3.460000000000000000e+03 1.669608999725632259e+02
1.002000000000000000e+03 1.890164973175166949e+02
1.846000000000000000e+03 2.504729301383225106e+02
6.440000000000000000e+02 2.365601066254140790e+02
4.046000000000000000e+03 1.669608999725632543e+02
4.531000000000000000e+03 2.144350328856170904e+02
4.319000000000000000e+03 2.443554984832403534e+02
2.582000000000000000e+03 2.357214774149263974e+02
2.010000000000000000e+03 2.365790547330984737e+02
1.163000000000000000e+03 1.890263222622419903e+02
1.727000000000000000e+03 2.504652105388952634e+02
1.748000000000000000e+03 2.365292282277058007e+02
2.893000000000000000e+03 2.144322257585527041e+02
4.981000000000000000e+03 2.144624023744949284e+02
4.053000000000000000e+03 2.144567881203661273e+02
3.990000000000000000e+02 2.365474745536241414e+02
2.553000000000000000e+03 2.501290570729340175e+02
4.303000000000000000e+03 1.669623035360954475e+02
4.229000000000000000e+03 2.443540949197080181e+02
2.838000000000000000e+03 2.144294186314882893e+02
2.506000000000000000e+03 1.669608999725632543e+02
1.512000000000000000e+03 2.365327371365362978e+02
3.316000000000000000e+03 2.443547967014742426e+02
7.340000000000000000e+02 1.890150937539845017e+02
4.391000000000000000e+03 1.669623035360954759e+02
2.182000000000000000e+03 2.365608084071802182e+02
1.433000000000000000e+03 2.365341407000684342e+02
2.190000000000000000e+03 1.890249186987096834e+02
2.656000000000000000e+03 2.144560863386000449e+02
2.856000000000000000e+03 2.468075239739894755e+02
4.764000000000000000e+03 2.144336293220848404e+02
4.120000000000000000e+03 2.776438147763714142e+02
2.089000000000000000e+03 2.979274131619249601e+02
4.110000000000000000e+03 2.144350328856170336e+02
1.021000000000000000e+03 2.671809504256040100e+02
2.850000000000000000e+03 2.536856870635234884e+02
2.287000000000000000e+03 2.504280161052922722e+02
5.460000000000000000e+02 2.843879375485798278e+02
1.790000000000000000e+03 1.890150937539844165e+02
8.280000000000000000e+02 1.890193044445810528e+02
4.683000000000000000e+03 2.443625163009012908e+02
4.320000000000000000e+02 1.890319365163706777e+02
2.240000000000000000e+03 1.889940403010018883e+02
1.067000000000000000e+03 1.890179008810488597e+02
4.310000000000000000e+02 2.365341407000684626e+02
1.927000000000000000e+03 1.890375507704993083e+02
4.148000000000000000e+03 1.669651106631598907e+02
2.853000000000000000e+03 2.144581916838982352e+02
4.550000000000000000e+03 2.144364364491492836e+02
3.924000000000000000e+03 2.144504720844712153e+02
2.531000000000000000e+03 1.890403578975640642e+02
4.856000000000000000e+03 1.669784445167160811e+02
2.027000000000000000e+03 3.599340428873521205e+02
4.765000000000000000e+03 2.651191155968061821e+02
6.550000000000000000e+02 1.890347436434352630e+02
9.630000000000000000e+02 2.365299300094718546e+02
5.860000000000000000e+02 2.671627040996854134e+02
3.907000000000000000e+03 2.144581916838983204e+02
2.738000000000000000e+03 1.669608999725632543e+02
4.431000000000000000e+03 1.669623035360954759e+02
1.107000000000000000e+03 2.876350817803203199e+02
3.014000000000000000e+03 2.144315239767865364e+02
4.116000000000000000e+03 3.284584288960543859e+02
3.879000000000000000e+03 2.727299388501471640e+02
4.321000000000000000e+03 2.443498842291115523e+02
3.921000000000000000e+03 2.144624023744949000e+02
1.524000000000000000e+03 2.878238610753998614e+02
4.316000000000000000e+03 2.443562002650064358e+02
2.315000000000000000e+03 1.890094794998557006e+02
3.758000000000000000e+03 2.144385417944475876e+02
3.571000000000000000e+03 2.144336293220848688e+02
4.953000000000000000e+03 2.144350328856170620e+02
3.659000000000000000e+03 2.144322257585526472e+02
3.547000000000000000e+03 1.669637070996275554e+02
4.552000000000000000e+03 2.144574899021322381e+02
4.282000000000000000e+03 1.669616017543291662e+02
4.465000000000000000e+03 2.144483667391728545e+02
4.128000000000000000e+03 2.280243350043537305e+02
1.880000000000000000e+03 1.890403578975637799e+02
4.314000000000000000e+03 3.551043807730614503e+02
3.759000000000000000e+03 1.669594964090310327e+02
2.409000000000000000e+03 2.365516852442212326e+02
6.990000000000000000e+02 1.890193044445810813e+02
4.831000000000000000e+03 2.144336293220848404e+02
3.274000000000000000e+03 1.669608999725632259e+02
6.540000000000000000e+02 2.365460709900920335e+02
3.587000000000000000e+03 2.144308221950204825e+02
4.602000000000000000e+03 2.443547967014741857e+02
4.650000000000000000e+03 1.669608999725631691e+02
1.937000000000000000e+03 2.365776511695661952e+02
4.718000000000000000e+03 1.669608999725632543e+02
8.470000000000000000e+02 2.365580012801157466e+02
6.470000000000000000e+02 2.365565977165835250e+02
2.770000000000000000e+02 1.890249186987097971e+02
1.560000000000000000e+02 2.853914854741021827e+02
2.110000000000000000e+03 2.365509834624544681e+02
5.950000000000000000e+02 2.111492906567410728e+02
2.799000000000000000e+03 2.144602970291966244e+02
2.925000000000000000e+03 2.831549069855450398e+02
1.730000000000000000e+02 1.890319365163707062e+02
4.800000000000000000e+03 1.669608999725632543e+02
1.593000000000000000e+03 2.671998985332885468e+02
4.854000000000000000e+03 1.669623035360954475e+02
3.627000000000000000e+03 1.669721284808211976e+02
4.162000000000000000e+03 1.669608999725632827e+02
1.332000000000000000e+03 2.365271228824074683e+02
3.250000000000000000e+03 1.669623035360954475e+02
5.090000000000000000e+02 2.365509834624551502e+02
1.474000000000000000e+03 2.365341407000684626e+02
2.372000000000000000e+03 1.890122866269203428e+02
2.860000000000000000e+02 2.786621001189795948e+02
2.636000000000000000e+03 1.669608999725632259e+02
3.729000000000000000e+03 1.669623035360953622e+02
2.484000000000000000e+03 2.672237591133364845e+02
2.405000000000000000e+03 2.365692297883737751e+02
4.049000000000000000e+03 1.669630053178615015e+02
2.220000000000000000e+02 2.671423524284690529e+02
9.670000000000000000e+02 2.988699060737954483e+02
2.584000000000000000e+03 1.890431650246285074e+02
2.440000000000000000e+02 2.365313335730040762e+02
4.810000000000000000e+03 2.874027920157424205e+02
3.021000000000000000e+03 1.669608999725632543e+02
1.310000000000000000e+03 2.505164406078204991e+02
1.529000000000000000e+03 2.365664226613089340e+02
4.784000000000000000e+03 2.443554984832403534e+02
3.630000000000000000e+02 1.890108830633878938e+02
2.691000000000000000e+03 2.144617005927287892e+02
4.320000000000000000e+03 2.874020902339763666e+02
2.618000000000000000e+03 3.002517143712454981e+02
3.379000000000000000e+03 1.669594964090310611e+02
1.530000000000000000e+03 2.689234745508273932e+02
3.925000000000000000e+03 1.890375507704996494e+02
4.252000000000000000e+03 2.443498842291115238e+02
4.633000000000000000e+03 1.669623035360954475e+02
4.224000000000000000e+03 1.890417614610962858e+02
3.618000000000000000e+03 1.669616017543293651e+02
1.023000000000000000e+03 1.890277258257742119e+02
1.479000000000000000e+03 2.365257193188753604e+02
4.501000000000000000e+03 1.669601981907971719e+02
1.293000000000000000e+03 2.111113944413719707e+02
1.294000000000000000e+03 2.937447938359762247e+02
1.410000000000000000e+02 1.890249186987097119e+02
4.723000000000000000e+03 2.750612578771272183e+02
4.674000000000000000e+03 2.144329275403187580e+02
3.897000000000000000e+03 1.669623035360953907e+02
1.124000000000000000e+03 2.365467727718581443e+02
4.388000000000000000e+03 1.669728302625871379e+02
4.775000000000000000e+03 2.468131382281183051e+02
4.949000000000000000e+03 1.669608999725632543e+02
4.706000000000000000e+03 2.144483667391728545e+02
3.139000000000000000e+03 2.144315239767865364e+02
3.843000000000000000e+03 1.669608999725632259e+02
4.594000000000000000e+03 2.144308221950204825e+02
1.557000000000000000e+03 1.890207080081130755e+02
1.867000000000000000e+03 2.876947332304374072e+02
4.522000000000000000e+03 1.669784445167160811e+02
3.495000000000000000e+03 2.144560863386000449e+02
2.652000000000000000e+03 2.144350328856170620e+02
1.453000000000000000e+03 1.890094794998557290e+02
1.260000000000000000e+02 2.365285264459396899e+02
3.026000000000000000e+03 2.144532792115356585e+02
1.503000000000000000e+03 2.365657208795427664e+02
1.596000000000000000e+03 1.890094794998556722e+02
2.960000000000000000e+03 1.669637070996276123e+02
3.201000000000000000e+03 2.144624023744949000e+02
1.800000000000000000e+02 1.890235151351774903e+02
2.865000000000000000e+03 2.144602970291966244e+02
2.460000000000000000e+03 2.111380621484837263e+02
2.922000000000000000e+03 2.831549069855450398e+02
3.789000000000000000e+03 1.669623035360954191e+02
1.734000000000000000e+03 2.365313335730041047e+02
3.810000000000000000e+03 2.144631041562610108e+02
5.790000000000000000e+02 2.365608084071801329e+02
2.121000000000000000e+03 2.365523870259867749e+02
2.734000000000000000e+03 2.144546827750678233e+02
4.699000000000000000e+03 3.152901958369771478e+02
4.353000000000000000e+03 2.144631041562609539e+02
9.600000000000000000e+01 1.890108830633878654e+02
1.534000000000000000e+03 2.365334389183024086e+02
2.721000000000000000e+03 1.669608999725632543e+02
3.276000000000000000e+03 2.144469631756406898e+02
9.350000000000000000e+02 1.890207080081133313e+02
4.429000000000000000e+03 2.144399453579797807e+02
4.125000000000000000e+03 2.755251356245190095e+02
3.090000000000000000e+03 1.669735320443533624e+02
1.480000000000000000e+02 2.365348424818346018e+02
2.980000000000000000e+03 2.144294186314882609e+02
2.677000000000000000e+03 2.144315239767865933e+02
3.041000000000000000e+03 2.443435681932165551e+02
3.755000000000000000e+03 1.669623035360954475e+02
8.800000000000000000e+01 2.365327371365362694e+02
2.622000000000000000e+03 1.669608999725632543e+02
2.800000000000000000e+03 1.669623035360954475e+02
2.519000000000000000e+03 1.669623035360954191e+02
2.500000000000000000e+01 1.669637070996274701e+02
1.046000000000000000e+03 1.890164973175167233e+02
2.678000000000000000e+03 1.669608999725632543e+02
4.322000000000000000e+03 1.669608999725631691e+02
3.250000000000000000e+02 2.365271228824074967e+02
1.828000000000000000e+03 3.132374841711371118e+02
3.177000000000000000e+03 1.669777427349498851e+02
2.468000000000000000e+03 2.714407657458231142e+02
4.007000000000000000e+03 1.669594964090310327e+02
4.845000000000000000e+03 1.669623035360953054e+02
2.063000000000000000e+03 2.704147608037873738e+02
3.784000000000000000e+03 2.144624023744949568e+02
3.150000000000000000e+02 2.365362460453667666e+02
4.676000000000000000e+03 2.144631041562610108e+02
1.513000000000000000e+03 2.111577120379342034e+02
4.267000000000000000e+03 2.144560863386000165e+02
3.119000000000000000e+03 2.279864387889843158e+02
1.824000000000000000e+03 3.133462603448828645e+02
4.977000000000000000e+03 2.854778046313321624e+02
3.126000000000000000e+03 2.468068221922233931e+02
3.915000000000000000e+03 1.669608999725632543e+02
4.165000000000000000e+03 1.669475661190076892e+02
4.904000000000000000e+03 1.669721284808211408e+02
4.420000000000000000e+03 2.997211673560740337e+02
2.040000000000000000e+02 1.890108830633878654e+02
3.908000000000000000e+03 1.669594964090310043e+02
7.900000000000000000e+02 1.890256204804759363e+02
3.822000000000000000e+03 2.468145417916505551e+02
3.891000000000000000e+03 2.144336293220848404e+02
3.674000000000000000e+03 1.669594964090310327e+02
1.520000000000000000e+02 2.365306317912379654e+02
4.440000000000000000e+03 1.669770409531838027e+02
3.754000000000000000e+03 2.144553845568339341e+02
6.210000000000000000e+02 1.890228133534115784e+02
1.966000000000000000e+03 2.671872664614986093e+02
8.480000000000000000e+02 2.843907446756442141e+02
2.031000000000000000e+03 1.890445685881603310e+02
1.737000000000000000e+03 1.890235151351774903e+02
3.277000000000000000e+03 1.669608999725632543e+02
3.489000000000000000e+03 2.144588934656644028e+02
3.483000000000000000e+03 2.514841976632719707e+02
2.200000000000000000e+01 2.443484806655793307e+02
2.065000000000000000e+03 1.890459721516925811e+02
2.959000000000000000e+03 2.443428664114504727e+02
5.210000000000000000e+02 2.365488781171569315e+02
3.350000000000000000e+03 2.514673549008852547e+02
4.700000000000000000e+03 2.443547967014742426e+02
4.622000000000000000e+03 2.144483667391728545e+02
1.970000000000000000e+03 2.365523870259867181e+02
3.774000000000000000e+03 1.669623035360953054e+02
9.100000000000000000e+01 2.671627040996856408e+02
4.358000000000000000e+03 1.669594964090310043e+02
4.866000000000000000e+03 2.144617005927287892e+02
2.872000000000000000e+03 2.144595952474304852e+02
4.983000000000000000e+03 1.669594964090310043e+02
4.813000000000000000e+03 1.669623035360954475e+02
1.569000000000000000e+03 1.890221115716453824e+02
2.671000000000000000e+03 1.669566892819665611e+02
2.835000000000000000e+03 2.494806107210598611e+02
1.870000000000000000e+02 1.890122866269200586e+02
4.899000000000000000e+03 2.652545594776628377e+02
4.739000000000000000e+03 2.144118740873360593e+02
2.819000000000000000e+03 1.669608999725632543e+02
5.880000000000000000e+02 1.890129884086861694e+02
2.640000000000000000e+02 2.365587030618818858e+02
3.416000000000000000e+03 1.669608999725632259e+02
3.295000000000000000e+03 1.890375507704996494e+02
2.653000000000000000e+03 1.669594964090309759e+02
4.865000000000000000e+03 2.618144252602452866e+02
1.000000000000000000e+00 1.669608999725632259e+02
1.564000000000000000e+03 3.146347316674395529e+02
4.102000000000000000e+03 2.144624023744949000e+02
3.900000000000000000e+03 1.669623035360954475e+02
4.632000000000000000e+03 2.443484806655793307e+02
4.390000000000000000e+03 2.443554984832402965e+02
4.777000000000000000e+03 1.669749356078854419e+02
2.879000000000000000e+03 2.144539809933017125e+02
2.688000000000000000e+03 1.669665142266920554e+02
4.437000000000000000e+03 2.144371382309153660e+02
2.366000000000000000e+03 2.365516852442211757e+02
1.570000000000000000e+03 2.365495798989224170e+02
1.960000000000000000e+03 1.890410596793298623e+02
9.500000000000000000e+01 2.365657208795428232e+02
3.124000000000000000e+03 2.144455596121085250e+02
4.189000000000000000e+03 2.144322257585526472e+02
1.291000000000000000e+03 2.577819872322423294e+02
2.091000000000000000e+03 2.365643173160103743e+02
4.970000000000000000e+02 2.365516852442212610e+02
3.969000000000000000e+03 2.144631041562610108e+02
5.640000000000000000e+02 1.890179008810488597e+02
3.055000000000000000e+03 1.669637070996276407e+02
2.668000000000000000e+03 2.679044874264516807e+02
2.493000000000000000e+03 1.669770409531838595e+02
4.290000000000000000e+02 2.365320353547701870e+02
2.720000000000000000e+03 2.144624023744949568e+02
2.113000000000000000e+03 1.890354454252011180e+02
2.794000000000000000e+03 1.669608999725632543e+02
1.580000000000000000e+02 2.854862260125257762e+02
2.368000000000000000e+03 1.890143919722187036e+02
3.178000000000000000e+03 2.144385417944475591e+02
1.007000000000000000e+03 2.365537905895190818e+02
1.447000000000000000e+03 2.365257193188753604e+02
5.300000000000000000e+01 1.890354454252013738e+02
3.002000000000000000e+03 2.144595952474304852e+02
2.875000000000000000e+03 1.669608999725632543e+02
1.968000000000000000e+03 1.890347436434348083e+02
3.440000000000000000e+02 1.890249186987097119e+02
4.548000000000000000e+03 1.669623035360954475e+02
3.043000000000000000e+03 1.669623035360954475e+02
3.702000000000000000e+03 2.144315239767865933e+02
6.180000000000000000e+02 2.365327371365361842e+02
3.782000000000000000e+03 2.443618145191352085e+02
3.875000000000000000e+03 3.168783279736578038e+02
3.376000000000000000e+03 2.443505860108775494e+02
4.740000000000000000e+03 1.669608999725632543e+02
3.004000000000000000e+03 1.669594964090310043e+02
2.790000000000000000e+02 2.365650190977767124e+02
4.855000000000000000e+03 2.443554984832403534e+02
1.520000000000000000e+03 2.586627233486962609e+02
1.864000000000000000e+03 3.216525493284270851e+02
8.490000000000000000e+02 2.365320353547701586e+02
3.830000000000000000e+03 2.144329275403187864e+02
1.570000000000000000e+02 2.365285264459396046e+02
4.056000000000000000e+03 2.144343311038510080e+02
3.172000000000000000e+03 2.144546827750678233e+02
1.084000000000000000e+03 3.476254924917445237e+02
5.390000000000000000e+02 2.843324967890581547e+02
4.864000000000000000e+03 2.144315239767865933e+02
3.720000000000000000e+03 2.144588934656644028e+02
4.103000000000000000e+03 1.669594964090310327e+02
3.756000000000000000e+03 2.443562002650064358e+02
3.528000000000000000e+03 1.669679177902243055e+02
3.874000000000000000e+03 2.676967600236863518e+02
1.799000000000000000e+03 1.890319365163707630e+02
1.735000000000000000e+03 1.890235151351774334e+02
1.720000000000000000e+02 2.365341407000685194e+02
1.885000000000000000e+03 2.671991967515223791e+02
3.730000000000000000e+02 1.890277258257740414e+02
4.700000000000000000e+01 1.890417614610962573e+02
2.590000000000000000e+02 2.365530888077530278e+02
8.440000000000000000e+02 2.671809504256040100e+02
4.942000000000000000e+03 2.144617005927287323e+02
7.490000000000000000e+02 1.890221115716454676e+02
4.452000000000000000e+03 1.669594964090308906e+02
1.918000000000000000e+03 1.890417614610959731e+02
9.300000000000000000e+01 1.890179008810487176e+02
3.963000000000000000e+03 2.356955114895807526e+02
4.573000000000000000e+03 2.144357346673831159e+02
3.131000000000000000e+03 1.669637070996274417e+02
3.719000000000000000e+03 1.669608999725632543e+02
3.717000000000000000e+03 2.443562002650064926e+02
8.970000000000000000e+02 1.890207080081132176e+02
2.298000000000000000e+03 1.890150937539844165e+02
3.151000000000000000e+03 1.669580928454988680e+02
4.520000000000000000e+03 2.443498842291115238e+02
4.114000000000000000e+03 3.645770310518617521e+02
1.766000000000000000e+03 1.890094794998556438e+02
5.260000000000000000e+02 3.132206414087512485e+02
3.672000000000000000e+03 2.144602970291966244e+02
4.796000000000000000e+03 2.773294165451583808e+02
9.620000000000000000e+02 2.872961211872940339e+02
2.499000000000000000e+03 1.669651106631598907e+02
1.170000000000000000e+03 2.365320353547703291e+02
2.986000000000000000e+03 2.144602970291966244e+02
3.608000000000000000e+03 1.669623035360954475e+02
2.192000000000000000e+03 2.365327371365362694e+02
1.192000000000000000e+03 1.890193044445810528e+02
1.914000000000000000e+03 2.365523870259866612e+02
2.435000000000000000e+03 2.111422728390802774e+02
4.473000000000000000e+03 1.669594964090309475e+02
1.745000000000000000e+03 2.900653520363198936e+02
3.661000000000000000e+03 2.280425813302723554e+02
3.129000000000000000e+03 2.733075052436461760e+02
3.451000000000000000e+03 2.144511738662372977e+02
4.516000000000000000e+03 2.874027920157425342e+02
2.949000000000000000e+03 2.144476649574067721e+02
9.560000000000000000e+02 2.365587030618818289e+02
4.551000000000000000e+03 1.669608999725632543e+02
4.698000000000000000e+03 2.443491824473454130e+02
1.797000000000000000e+03 2.671669147902822488e+02
2.188000000000000000e+03 2.504399463953159852e+02
4.903000000000000000e+03 2.443590073920707653e+02
3.826000000000000000e+03 1.669735320443532771e+02
3.354000000000000000e+03 1.890361472069674562e+02
4.216000000000000000e+03 1.890347436434353767e+02
1.556000000000000000e+03 2.365327371365363263e+02
7.060000000000000000e+02 2.671809504256040100e+02
3.490000000000000000e+03 1.669587946272648651e+02
2.529000000000000000e+03 2.144497703027050761e+02
2.687000000000000000e+03 2.144624023744949284e+02
5.500000000000000000e+02 1.890200062263471921e+02
4.843000000000000000e+03 2.443498842291114670e+02
3.551000000000000000e+03 2.144624023744949000e+02
8.450000000000000000e+02 1.890207080081132460e+02
4.720000000000000000e+03 2.144581916838983204e+02
4.574000000000000000e+03 1.669651106631598907e+02
3.873000000000000000e+03 2.144371382309153944e+02
1.397000000000000000e+03 2.756725097953991508e+02
4.792000000000000000e+03 2.144308221950205109e+02
4.830000000000000000e+02 1.890108830633882064e+02
3.510000000000000000e+03 1.669637070996275554e+02
2.953000000000000000e+03 1.669608999725632259e+02
2.881000000000000000e+03 1.669608999725632259e+02
4.307000000000000000e+03 2.652742093671133148e+02
3.089000000000000000e+03 2.144602970291965676e+02
4.943000000000000000e+03 1.669623035360954191e+02
6.610000000000000000e+02 2.365446674265596130e+02
4.301000000000000000e+03 2.144539809933016556e+02
1.649000000000000000e+03 2.365327371365362694e+02
4.812000000000000000e+03 2.443547967014741005e+02
3.347000000000000000e+03 2.144588934656644028e+02
2.439000000000000000e+03 2.856265823657456053e+02
3.117000000000000000e+03 2.583623607528062394e+02
4.364000000000000000e+03 1.669608999725632259e+02
2.928000000000000000e+03 2.627014774125957501e+02
1.063000000000000000e+03 2.365551941530513318e+02
4.580000000000000000e+03 1.669608999725632259e+02
4.340000000000000000e+02 2.365285264459398036e+02
3.878000000000000000e+03 3.132353788258382679e+02
4.081000000000000000e+03 1.669623035360954475e+02
3.050000000000000000e+03 2.144441560485762466e+02
2.658000000000000000e+03 1.669651106631598907e+02
4.600000000000000000e+01 2.144483667391728545e+02
1.580000000000000000e+03 1.890108830633879222e+02
1.174000000000000000e+03 1.890249186987098824e+02
1.610000000000000000e+02 1.890164973175167233e+02
2.650000000000000000e+02 1.890291293893063482e+02
1.217000000000000000e+03 1.890207080081133313e+02
2.649000000000000000e+03 2.144371382309153944e+02
2.320000000000000000e+02 2.671984949697563820e+02
4.553000000000000000e+03 1.669608999725632259e+02
1.128000000000000000e+03 2.365495798989226159e+02
2.126000000000000000e+03 2.972445795035103515e+02
4.606000000000000000e+03 1.669623035360954475e+02
1.562000000000000000e+03 2.365257193188753320e+02
4.976000000000000000e+03 2.633906271069049012e+02
2.495000000000000000e+03 2.144602970291966528e+02
4.044000000000000000e+03 3.152894940552110370e+02
2.330000000000000000e+03 2.503697682187060138e+02
1.523000000000000000e+03 3.531337775738543883e+02
1.080000000000000000e+03 2.365327371365362978e+02
3.238000000000000000e+03 1.669791462984821635e+02
4.701000000000000000e+03 1.669594964090310327e+02
4.782000000000000000e+03 1.669594964090310327e+02
1.061000000000000000e+03 2.365278246641735791e+02
3.529000000000000000e+03 2.144624023744949568e+02
3.703000000000000000e+03 1.669665142266920554e+02
1.860000000000000000e+03 2.365727386972035049e+02
2.779000000000000000e+03 2.144617005927287892e+02
1.020000000000000000e+02 2.365481763353902522e+02
1.307000000000000000e+03 1.890080759363234506e+02
2.528000000000000000e+03 1.669594964090310327e+02
2.162000000000000000e+03 2.111478870932088796e+02
1.956000000000000000e+03 2.365502816806883857e+02
3.947000000000000000e+03 1.890291293893064619e+02
5.240000000000000000e+02 2.365467727718585991e+02
1.390000000000000000e+02 2.365502816806887267e+02
2.777000000000000000e+03 1.669608999725632543e+02
4.786000000000000000e+03 2.144483667391728545e+02
2.086000000000000000e+03 2.504308232323563459e+02
2.081000000000000000e+03 2.504602980665324878e+02
3.660000000000000000e+03 2.583644660981045149e+02
1.887000000000000000e+03 1.890347436434349504e+02
3.815000000000000000e+03 2.144329275403187864e+02
4.080000000000000000e+03 2.144329275403188433e+02
3.743000000000000000e+03 2.144581916838983204e+02
2.811000000000000000e+03 1.669623035360954475e+02
1.143000000000000000e+03 2.671627040996853566e+02
2.460000000000000000e+02 1.890164973175167233e+02
3.552000000000000000e+03 2.583658696616366228e+02
3.364000000000000000e+03 1.890305329528387119e+02
4.235000000000000000e+03 1.669608999725631975e+02
1.753000000000000000e+03 1.890157955357505557e+02
1.031000000000000000e+03 1.890179008810489734e+02
3.995000000000000000e+03 1.669608999725630554e+02
3.808000000000000000e+03 1.669693213537562144e+02
3.273000000000000000e+03 2.144602970291966244e+02
4.308000000000000000e+03 2.144497703027050761e+02
4.287000000000000000e+03 1.669623035360953622e+02
4.839000000000000000e+03 2.144624023744949284e+02
3.626000000000000000e+03 2.144315239767865933e+02
2.931000000000000000e+03 1.669594964090309475e+02
2.116000000000000000e+03 2.365474745536240562e+02
2.793000000000000000e+03 2.144609988109627068e+02
3.542000000000000000e+03 2.144588934656644597e+02
1.301000000000000000e+03 2.111254300766937320e+02
3.189000000000000000e+03 1.669426536466449136e+02
4.877000000000000000e+03 1.669594964090310327e+02
1.847000000000000000e+03 2.950051938878885949e+02
1.249000000000000000e+03 1.890179008810488597e+02
5.750000000000000000e+02 2.671809504256040100e+02
